{
 "cells": [
  {
   "cell_type": "code",
   "execution_count": 1,
   "outputs": [],
   "source": [
    "import math\n",
    "import robodk\n",
    "import robolink\n",
    "import numpy as np"
   ],
   "metadata": {
    "collapsed": false,
    "ExecuteTime": {
     "end_time": "2023-12-20T12:04:01.128534500Z",
     "start_time": "2023-12-20T12:04:00.809031700Z"
    }
   }
  },
  {
   "cell_type": "code",
   "execution_count": 2,
   "outputs": [],
   "source": [
    "RDK = robolink.Robolink()\n",
    "robot = RDK.Item('UR5e', robolink.ITEM_TYPE_ROBOT)\n",
    "robot.setSpeed(100)\n",
    "home = RDK.Item('home')\n",
    "imu_frame = RDK.Item('cf_imu_frame', robolink.ITEM_TYPE_FRAME)\n",
    "camera_frame = RDK.Item('cf_camera_frame', robolink.ITEM_TYPE_FRAME)\n",
    "charuco_frame = RDK.Item('charuco_frame', robolink.ITEM_TYPE_FRAME)\n",
    "tcp_frame = RDK.Item('tcp_frame', robolink.ITEM_TYPE_FRAME)\n",
    "base_frame = RDK.Item('UR5e Base', robolink.ITEM_TYPE_FRAME)"
   ],
   "metadata": {
    "collapsed": false,
    "ExecuteTime": {
     "end_time": "2023-12-20T12:04:05.551080600Z",
     "start_time": "2023-12-20T12:04:04.438267600Z"
    }
   }
  },
  {
   "cell_type": "code",
   "execution_count": 3,
   "outputs": [
    {
     "data": {
      "text/plain": "[-136.0000000000004, -430.00000000000057, 50.00000000000378]"
     },
     "execution_count": 3,
     "metadata": {},
     "output_type": "execute_result"
    }
   ],
   "source": [
    "\n",
    "home_pose = home.Pose()\n",
    "circle_center = home_pose.Pos()\n",
    "\n",
    "circle_center"
   ],
   "metadata": {
    "collapsed": false,
    "ExecuteTime": {
     "end_time": "2023-12-20T12:04:07.711450100Z",
     "start_time": "2023-12-20T12:04:07.667724500Z"
    }
   }
  },
  {
   "cell_type": "code",
   "execution_count": 4,
   "outputs": [
    {
     "data": {
      "text/plain": "[[13.999999999999602, -430.00000000000057, 270.00000000000375],\n [-29.933982822018265, -323.93398282201844, 270.00000000000375],\n [-136.0000000000004, -280.00000000000057, 270.00000000000375],\n [-242.06601717798253, -323.93398282201844, 270.00000000000375],\n [-286.0000000000004, -430.00000000000057, 270.00000000000375],\n [-242.06601717798253, -536.0660171779826, 270.00000000000375],\n [-136.00000000000043, -580.0000000000006, 270.00000000000375],\n [-29.933982822018294, -536.0660171779828, 270.00000000000375],\n [12.660687473184652, -430.00000000000057, 290.00000000000375],\n [-43.311577423161125, -313.7723943281238, 290.00000000000375],\n [-169.0801150191213, -285.0665463382537, 290.00000000000375],\n [-269.9386512943113, -365.4985450593483, 290.00000000000375],\n [-269.9386512943113, -494.5014549406528, 290.00000000000375],\n [-169.08011501912134, -574.9334536617474, 290.00000000000375],\n [-43.31157742316117, -546.2276056718773, 290.00000000000375],\n [8.568322948009211, -430.00000000000057, 310.00000000000375],\n [-63.71583852599558, -304.80015974451146, 310.00000000000375],\n [-208.28416147400517, -304.8001597445114, 310.00000000000375],\n [-280.56832294801, -430.00000000000057, 310.00000000000375],\n [-208.28416147400526, -555.1998402554897, 310.00000000000375],\n [-63.71583852599558, -555.1998402554897, 310.00000000000375],\n [1.4772708486748058, -430.00000000000057, 330.00000000000375],\n [-93.51718696747221, -299.25134571689426, 330.00000000000375],\n [-247.22144845686617, -349.19288766973136, 330.00000000000375],\n [-247.2214484568662, -510.8071123302698, 330.00000000000375],\n [-93.51718696747224, -560.7486542831069, 330.00000000000375],\n [-9.114224595505192, -430.00000000000057, 350.00000000000375],\n [-136.0000000000004, -303.11422459550533, 350.00000000000375],\n [-262.8857754044956, -430.00000000000057, 350.00000000000375],\n [-136.00000000000043, -556.8857754044958, 350.00000000000375],\n [-24.196601125010915, -430.00000000000057, 370.00000000000375],\n [-191.90169943749513, -333.1754163448152, 370.00000000000375],\n [-191.90169943749518, -526.824583655186, 370.00000000000375],\n [-46.0000000000004, -430.00000000000057, 390.00000000000375],\n [-226.0000000000004, -430.00000000000057, 390.00000000000375]]"
     },
     "execution_count": 4,
     "metadata": {},
     "output_type": "execute_result"
    }
   ],
   "source": [
    "    \n",
    "    # 圆的参数\n",
    "    R = 150  # radius\n",
    "    num_points = 8  # number of points\n",
    "    height = circle_center[2] + 220  # 比基准点高220mm\n",
    "\n",
    "    delta_x = 20\n",
    "targets = []\n",
    "for i in range(R//delta_x):\n",
    "    radius = math.sqrt((R**2 - (delta_x*i)**2))\n",
    "    if i != 0:\n",
    "        height += delta_x\n",
    "        num_points -= 1\n",
    "\n",
    "\n",
    "    for j in range(num_points):\n",
    "        angle = 2 * np.pi * j / num_points\n",
    "        x = circle_center[0] + radius * np.cos(angle)\n",
    "        y = circle_center[1] + radius * np.sin(angle)\n",
    "        z = height\n",
    "        targets.append([x, y, z])\n",
    "targets"
   ],
   "metadata": {
    "collapsed": false,
    "ExecuteTime": {
     "end_time": "2023-12-20T12:04:12.081021600Z",
     "start_time": "2023-12-20T12:04:12.052736100Z"
    }
   }
  },
  {
   "cell_type": "code",
   "execution_count": 42,
   "outputs": [
    {
     "data": {
      "text/plain": "140.35668847618197"
     },
     "execution_count": 42,
     "metadata": {},
     "output_type": "execute_result"
    }
   ],
   "source": [
    "math.sqrt(radius**2 - delta_x**2)"
   ],
   "metadata": {
    "collapsed": false,
    "ExecuteTime": {
     "end_time": "2023-12-20T11:46:07.218302Z",
     "start_time": "2023-12-20T11:46:07.199808100Z"
    }
   }
  },
  {
   "cell_type": "code",
   "execution_count": 44,
   "outputs": [],
   "source": [
    "for i, target_pos in enumerate(targets):\n",
    "    target_name = f\"Target_{i+1}\"\n",
    "    target_item = RDK.AddTarget(target_name)\n",
    "    target_item.setParent(base_frame)\n",
    "    # 设置目标点的位置\n",
    "    rx, ry, rz = np.radians(180), np.radians(0), np.radians(0)  # 旋转角度，转换为弧度\n",
    "    target_pose = robodk.Mat([[1, 0, 0, target_pos[0]],\n",
    "                           [0, 1, 0, target_pos[1]],\n",
    "                           [0, 0, 1, target_pos[2]],\n",
    "                           [0, 0, 0, 1]])\n",
    "\n",
    "    # 可以使用robodk的函数来生成基于rx, ry, rz的旋转矩阵\n",
    "    rotm = robodk.rotz(rz) * robodk.roty(ry) * robodk.rotx(rx)\n",
    "\n",
    "    target_pose[:3,:3] = rotm[:3, :3]\n",
    "\n",
    "    # 设置目标的姿态\n",
    "    target_item.setPose(target_pose)\n"
   ],
   "metadata": {
    "collapsed": false,
    "ExecuteTime": {
     "end_time": "2023-12-20T11:53:29.934096500Z",
     "start_time": "2023-12-20T11:53:02.950994900Z"
    }
   }
  },
  {
   "cell_type": "code",
   "execution_count": 5,
   "outputs": [
    {
     "ename": "StoppedError",
     "evalue": "Robot stopped by user",
     "output_type": "error",
     "traceback": [
      "\u001B[1;31m---------------------------------------------------------------------------\u001B[0m",
      "\u001B[1;31mStoppedError\u001B[0m                              Traceback (most recent call last)",
      "Cell \u001B[1;32mIn[5], line 6\u001B[0m\n\u001B[0;32m      4\u001B[0m \u001B[38;5;28;01mfor\u001B[39;00m i \u001B[38;5;129;01min\u001B[39;00m \u001B[38;5;28mrange\u001B[39m(\u001B[38;5;28mlen\u001B[39m(targets)):\n\u001B[0;32m      5\u001B[0m     target \u001B[38;5;241m=\u001B[39m (RDK\u001B[38;5;241m.\u001B[39mItem(\u001B[38;5;124mf\u001B[39m\u001B[38;5;124m'\u001B[39m\u001B[38;5;124mTarget_\u001B[39m\u001B[38;5;132;01m{\u001B[39;00mi\u001B[38;5;250m \u001B[39m\u001B[38;5;241m+\u001B[39m\u001B[38;5;250m \u001B[39m\u001B[38;5;241m1\u001B[39m\u001B[38;5;132;01m}\u001B[39;00m\u001B[38;5;124m'\u001B[39m))\n\u001B[1;32m----> 6\u001B[0m     \u001B[43mrobot\u001B[49m\u001B[38;5;241;43m.\u001B[39;49m\u001B[43mMoveL\u001B[49m\u001B[43m(\u001B[49m\u001B[43mtarget\u001B[49m\u001B[43m)\u001B[49m\n",
      "File \u001B[1;32mA:\\DEU course\\1st Seme\\project module\\code\\github\\Multi-Sensor-Hand-Eye-Calibration\\venv\\lib\\site-packages\\robodk\\robolink.py:5949\u001B[0m, in \u001B[0;36mItem.MoveL\u001B[1;34m(self, target, blocking)\u001B[0m\n\u001B[0;32m   5946\u001B[0m         \u001B[38;5;28mself\u001B[39m\u001B[38;5;241m.\u001B[39maddMoveL(target)\n\u001B[0;32m   5947\u001B[0m         \u001B[38;5;28;01mreturn\u001B[39;00m\n\u001B[1;32m-> 5949\u001B[0m \u001B[38;5;28;43mself\u001B[39;49m\u001B[38;5;241;43m.\u001B[39;49m\u001B[43mlink\u001B[49m\u001B[38;5;241;43m.\u001B[39;49m\u001B[43m_moveX\u001B[49m\u001B[43m(\u001B[49m\u001B[43mtarget\u001B[49m\u001B[43m,\u001B[49m\u001B[43m \u001B[49m\u001B[38;5;28;43mself\u001B[39;49m\u001B[43m,\u001B[49m\u001B[43m \u001B[49m\u001B[43mMOVE_TYPE_LINEAR\u001B[49m\u001B[43m,\u001B[49m\u001B[43m \u001B[49m\u001B[43mblocking\u001B[49m\u001B[43m)\u001B[49m\n",
      "File \u001B[1;32mA:\\DEU course\\1st Seme\\project module\\code\\github\\Multi-Sensor-Hand-Eye-Calibration\\venv\\lib\\site-packages\\robodk\\robolink.py:1062\u001B[0m, in \u001B[0;36mRobolink._moveX\u001B[1;34m(self, target, itemrobot, movetype, blocking)\u001B[0m\n\u001B[0;32m   1059\u001B[0m \u001B[38;5;250m\u001B[39m\u001B[38;5;124;03m\"\"\"Performs a linear or joint movement. Use MoveJ or MoveL instead.\"\"\"\u001B[39;00m\n\u001B[0;32m   1060\u001B[0m \u001B[38;5;28;01mwith\u001B[39;00m \u001B[38;5;28mself\u001B[39m\u001B[38;5;241m.\u001B[39m_lock:\n\u001B[0;32m   1061\u001B[0m     \u001B[38;5;66;03m#self._check_connection();\u001B[39;00m\n\u001B[1;32m-> 1062\u001B[0m     \u001B[43mitemrobot\u001B[49m\u001B[38;5;241;43m.\u001B[39;49m\u001B[43mWaitMove\u001B[49m\u001B[43m(\u001B[49m\u001B[43m)\u001B[49m  \u001B[38;5;66;03m# checks connection\u001B[39;00m\n\u001B[0;32m   1063\u001B[0m     \u001B[38;5;28;01mif\u001B[39;00m blocking:\n\u001B[0;32m   1064\u001B[0m         command \u001B[38;5;241m=\u001B[39m \u001B[38;5;124m'\u001B[39m\u001B[38;5;124mMoveXb\u001B[39m\u001B[38;5;124m'\u001B[39m\n",
      "File \u001B[1;32mA:\\DEU course\\1st Seme\\project module\\code\\github\\Multi-Sensor-Hand-Eye-Calibration\\venv\\lib\\site-packages\\robodk\\robolink.py:6328\u001B[0m, in \u001B[0;36mItem.WaitMove\u001B[1;34m(self, timeout)\u001B[0m\n\u001B[0;32m   6326\u001B[0m \u001B[38;5;28mself\u001B[39m\u001B[38;5;241m.\u001B[39mlink\u001B[38;5;241m.\u001B[39m_check_status()\n\u001B[0;32m   6327\u001B[0m \u001B[38;5;28mself\u001B[39m\u001B[38;5;241m.\u001B[39mlink\u001B[38;5;241m.\u001B[39mCOM\u001B[38;5;241m.\u001B[39msettimeout(timeout)\n\u001B[1;32m-> 6328\u001B[0m \u001B[38;5;28;43mself\u001B[39;49m\u001B[38;5;241;43m.\u001B[39;49m\u001B[43mlink\u001B[49m\u001B[38;5;241;43m.\u001B[39;49m\u001B[43m_check_status\u001B[49m\u001B[43m(\u001B[49m\u001B[43m)\u001B[49m  \u001B[38;5;66;03m#will wait here\u001B[39;00m\n\u001B[0;32m   6329\u001B[0m \u001B[38;5;28mself\u001B[39m\u001B[38;5;241m.\u001B[39mlink\u001B[38;5;241m.\u001B[39mCOM\u001B[38;5;241m.\u001B[39msettimeout(\u001B[38;5;28mself\u001B[39m\u001B[38;5;241m.\u001B[39mlink\u001B[38;5;241m.\u001B[39mTIMEOUT)\n",
      "File \u001B[1;32mA:\\DEU course\\1st Seme\\project module\\code\\github\\Multi-Sensor-Hand-Eye-Calibration\\venv\\lib\\site-packages\\robodk\\robolink.py:826\u001B[0m, in \u001B[0;36mRobolink._check_status\u001B[1;34m(self)\u001B[0m\n\u001B[0;32m    823\u001B[0m     \u001B[38;5;28;01mraise\u001B[39;00m TargetReachError(\u001B[38;5;28mself\u001B[39m\u001B[38;5;241m.\u001B[39mLAST_STATUS_MESSAGE)\n\u001B[0;32m    825\u001B[0m \u001B[38;5;28;01melif\u001B[39;00m status \u001B[38;5;241m==\u001B[39m \u001B[38;5;241m11\u001B[39m:\n\u001B[1;32m--> 826\u001B[0m     \u001B[38;5;28;01mraise\u001B[39;00m StoppedError(\u001B[38;5;28mself\u001B[39m\u001B[38;5;241m.\u001B[39mLAST_STATUS_MESSAGE)\n\u001B[0;32m    828\u001B[0m \u001B[38;5;28;01melif\u001B[39;00m status \u001B[38;5;241m==\u001B[39m \u001B[38;5;241m12\u001B[39m:\n\u001B[0;32m    829\u001B[0m     \u001B[38;5;28;01mraise\u001B[39;00m InputError(\u001B[38;5;28mself\u001B[39m\u001B[38;5;241m.\u001B[39mLAST_STATUS_MESSAGE)\n",
      "\u001B[1;31mStoppedError\u001B[0m: Robot stopped by user"
     ]
    }
   ],
   "source": [
    "RDK = robolink.Robolink()\n",
    "robot = RDK.Item('UR5e', robolink.ITEM_TYPE_ROBOT)\n",
    "robot.setSpeed(100)\n",
    "for i in range(len(targets)):\n",
    "    target = (RDK.Item(f'Target_{i + 1}'))\n",
    "    robot.MoveL(target)"
   ],
   "metadata": {
    "collapsed": false,
    "ExecuteTime": {
     "end_time": "2023-12-20T12:05:49.038831300Z",
     "start_time": "2023-12-20T12:04:29.378356200Z"
    }
   }
  },
  {
   "cell_type": "markdown",
   "source": [],
   "metadata": {
    "collapsed": false
   }
  },
  {
   "cell_type": "code",
   "execution_count": 7,
   "outputs": [
    {
     "name": "stdout",
     "output_type": "stream",
     "text": [
      "Orientation (Euler angles): [180.        -29.0546041 180.       ]\n",
      "rotm Pose(0.000, 0.000, 0.000,  -180.000, -29.055, -180.000):\n",
      "[[ -0.874, 0.000, -0.486, 0.000 ],\n",
      " [ 0.000, 1.000, 0.000, 0.000 ],\n",
      " [ 0.486, 0.000, -0.874, 0.000 ],\n",
      " [ 0.000, 0.000, 0.000, 1.000 ]]\n",
      "\n",
      "Orientation (Euler angles): [-159.91575761  -21.44674152  180.        ]\n",
      "rotm Pose(0.000, 0.000, 0.000,  158.553, -20.084, 172.317):\n",
      "[[ -0.931, -0.126, -0.343, 0.000 ],\n",
      " [ 0.000, 0.939, -0.343, 0.000 ],\n",
      " [ 0.366, -0.320, -0.874, 0.000 ],\n",
      " [ 0.000, 0.000, 0.000, 1.000 ]]\n",
      "\n",
      "Orientation (Euler angles): [-1.50945396e+02  8.44378369e-14  1.80000000e+02]\n",
      "rotm Pose(0.000, 0.000, 0.000,  150.945, 0.000, -180.000):\n",
      "[[ -1.000, 0.000, 0.000, 0.000 ],\n",
      " [ 0.000, 0.874, -0.486, 0.000 ],\n",
      " [ -0.000, -0.486, -0.874, 0.000 ],\n",
      " [ 0.000, 0.000, 0.000, 1.000 ]]\n",
      "\n",
      "Orientation (Euler angles): [-159.91575761   21.44674152  180.        ]\n",
      "rotm Pose(0.000, 0.000, 0.000,  158.553, 20.084, -172.317):\n",
      "[[ -0.931, 0.126, 0.343, 0.000 ],\n",
      " [ 0.000, 0.939, -0.343, 0.000 ],\n",
      " [ -0.366, -0.320, -0.874, 0.000 ],\n",
      " [ 0.000, 0.000, 0.000, 1.000 ]]\n",
      "\n",
      "Orientation (Euler angles): [180.         29.0546041 180.       ]\n",
      "rotm Pose(0.000, 0.000, 0.000,  -180.000, 29.055, 180.000):\n",
      "[[ -0.874, -0.000, 0.486, 0.000 ],\n",
      " [ 0.000, 1.000, 0.000, 0.000 ],\n",
      " [ -0.486, 0.000, -0.874, 0.000 ],\n",
      " [ 0.000, 0.000, 0.000, 1.000 ]]\n",
      "\n",
      "Orientation (Euler angles): [159.91575761  21.44674152 180.        ]\n",
      "rotm Pose(0.000, 0.000, 0.000,  -158.553, 20.084, 172.317):\n",
      "[[ -0.931, -0.126, 0.343, 0.000 ],\n",
      " [ 0.000, 0.939, 0.343, 0.000 ],\n",
      " [ -0.366, 0.320, -0.874, 0.000 ],\n",
      " [ 0.000, 0.000, 0.000, 1.000 ]]\n",
      "\n",
      "Orientation (Euler angles): [1.50945396e+02 9.04691109e-14 1.80000000e+02]\n",
      "rotm Pose(0.000, 0.000, 0.000,  -150.945, 0.000, 180.000):\n",
      "[[ -1.000, -0.000, 0.000, 0.000 ],\n",
      " [ 0.000, 0.874, 0.486, 0.000 ],\n",
      " [ -0.000, 0.486, -0.874, 0.000 ],\n",
      " [ 0.000, 0.000, 0.000, 1.000 ]]\n",
      "\n",
      "Orientation (Euler angles): [159.91575761 -21.44674152 180.        ]\n",
      "rotm Pose(0.000, 0.000, 0.000,  -158.553, -20.084, -172.317):\n",
      "[[ -0.931, 0.126, -0.343, 0.000 ],\n",
      " [ 0.000, 0.939, 0.343, 0.000 ],\n",
      " [ 0.366, 0.320, -0.874, 0.000 ],\n",
      " [ 0.000, 0.000, 0.000, 1.000 ]]\n",
      "\n",
      "Orientation (Euler angles): [180.         -27.14072347 180.        ]\n",
      "rotm Pose(0.000, 0.000, 0.000,  -180.000, -27.141, -180.000):\n",
      "[[ -0.890, 0.000, -0.456, 0.000 ],\n",
      " [ 0.000, 1.000, 0.000, 0.000 ],\n",
      " [ 0.456, 0.000, -0.890, 0.000 ],\n",
      " [ 0.000, 0.000, 0.000, 1.000 ]]\n",
      "\n",
      "Orientation (Euler angles): [-159.10515502  -17.72467253  180.        ]\n",
      "rotm Pose(0.000, 0.000, 0.000,  158.160, -16.524, 173.497):\n",
      "[[ -0.953, -0.109, -0.284, 0.000 ],\n",
      " [ 0.000, 0.934, -0.357, 0.000 ],\n",
      " [ 0.304, -0.340, -0.890, 0.000 ],\n",
      " [ 0.000, 0.000, 0.000, 1.000 ]]\n",
      "\n",
      "Orientation (Euler angles): [-153.59328223    6.50756521  180.        ]\n",
      "rotm Pose(0.000, 0.000, 0.000,  153.445, 5.826, -177.096):\n",
      "[[ -0.994, 0.050, 0.102, 0.000 ],\n",
      " [ 0.000, 0.896, -0.445, 0.000 ],\n",
      " [ -0.113, -0.442, -0.890, 0.000 ],\n",
      " [ 0.000, 0.000, 0.000, 1.000 ]]\n",
      "\n",
      "Orientation (Euler angles): [-168.58417936   24.79020437  180.        ]\n",
      "rotm Pose(0.000, 0.000, 0.000,  167.460, 24.268, -174.777):\n",
      "[[ -0.908, 0.083, 0.411, 0.000 ],\n",
      " [ 0.000, 0.980, -0.198, 0.000 ],\n",
      " [ -0.419, -0.180, -0.890, 0.000 ],\n",
      " [ 0.000, 0.000, 0.000, 1.000 ]]\n",
      "\n",
      "Orientation (Euler angles): [168.58417936  24.79020437 180.        ]\n",
      "rotm Pose(0.000, 0.000, 0.000,  -167.460, 24.268, 174.777):\n",
      "[[ -0.908, -0.083, 0.411, 0.000 ],\n",
      " [ 0.000, 0.980, 0.198, 0.000 ],\n",
      " [ -0.419, 0.180, -0.890, 0.000 ],\n",
      " [ 0.000, 0.000, 0.000, 1.000 ]]\n",
      "\n",
      "Orientation (Euler angles): [153.59328223   6.50756521 180.        ]\n",
      "rotm Pose(0.000, 0.000, 0.000,  -153.445, 5.826, 177.096):\n",
      "[[ -0.994, -0.050, 0.102, 0.000 ],\n",
      " [ 0.000, 0.896, 0.445, 0.000 ],\n",
      " [ -0.113, 0.442, -0.890, 0.000 ],\n",
      " [ 0.000, 0.000, 0.000, 1.000 ]]\n",
      "\n",
      "Orientation (Euler angles): [159.10515502 -17.72467253 180.        ]\n",
      "rotm Pose(0.000, 0.000, 0.000,  -158.160, -16.524, -173.497):\n",
      "[[ -0.953, 0.109, -0.284, 0.000 ],\n",
      " [ 0.000, 0.934, 0.357, 0.000 ],\n",
      " [ 0.304, 0.340, -0.890, 0.000 ],\n",
      " [ 0.000, 0.000, 0.000, 1.000 ]]\n",
      "\n",
      "Orientation (Euler angles): [180.        -25.0019658 180.       ]\n",
      "rotm Pose(0.000, 0.000, 0.000,  -180.000, -25.002, -180.000):\n",
      "[[ -0.906, 0.000, -0.423, 0.000 ],\n",
      " [ 0.000, 1.000, 0.000, 0.000 ],\n",
      " [ 0.423, 0.000, -0.906, 0.000 ],\n",
      " [ 0.000, 0.000, 0.000, 1.000 ]]\n",
      "\n",
      "Orientation (Euler angles): [-158.52931852  -13.12540306  180.        ]\n",
      "rotm Pose(0.000, 0.000, 0.000,  158.008, -12.200, 175.122):\n",
      "[[ -0.974, -0.083, -0.211, 0.000 ],\n",
      " [ 0.000, 0.931, -0.366, 0.000 ],\n",
      " [ 0.227, -0.356, -0.906, 0.000 ],\n",
      " [ 0.000, 0.000, 0.000, 1.000 ]]\n",
      "\n",
      "Orientation (Euler angles): [-158.52931852   13.12540306  180.        ]\n",
      "rotm Pose(0.000, 0.000, 0.000,  158.008, 12.200, -175.122):\n",
      "[[ -0.974, 0.083, 0.211, 0.000 ],\n",
      " [ 0.000, 0.931, -0.366, 0.000 ],\n",
      " [ -0.227, -0.356, -0.906, 0.000 ],\n",
      " [ 0.000, 0.000, 0.000, 1.000 ]]\n",
      "\n",
      "Orientation (Euler angles): [180.         25.0019658 180.       ]\n",
      "rotm Pose(0.000, 0.000, 0.000,  -180.000, 25.002, 180.000):\n",
      "[[ -0.906, -0.000, 0.423, 0.000 ],\n",
      " [ 0.000, 1.000, 0.000, 0.000 ],\n",
      " [ -0.423, 0.000, -0.906, 0.000 ],\n",
      " [ 0.000, 0.000, 0.000, 1.000 ]]\n",
      "\n",
      "Orientation (Euler angles): [158.52931852  13.12540306 180.        ]\n",
      "rotm Pose(0.000, 0.000, 0.000,  -158.008, 12.200, 175.122):\n",
      "[[ -0.974, -0.083, 0.211, 0.000 ],\n",
      " [ 0.000, 0.931, 0.366, 0.000 ],\n",
      " [ -0.227, 0.356, -0.906, 0.000 ],\n",
      " [ 0.000, 0.000, 0.000, 1.000 ]]\n",
      "\n",
      "Orientation (Euler angles): [158.52931852 -13.12540306 180.        ]\n",
      "rotm Pose(0.000, 0.000, 0.000,  -158.008, -12.200, -175.122):\n",
      "[[ -0.974, 0.083, -0.211, 0.000 ],\n",
      " [ 0.000, 0.931, 0.366, 0.000 ],\n",
      " [ 0.227, 0.356, -0.906, 0.000 ],\n",
      " [ 0.000, 0.000, 0.000, 1.000 ]]\n",
      "\n",
      "Orientation (Euler angles): [180.         -22.61650232 180.        ]\n",
      "rotm Pose(0.000, 0.000, 0.000,  -180.000, -22.617, -180.000):\n",
      "[[ -0.923, 0.000, -0.385, 0.000 ],\n",
      " [ 0.000, 1.000, 0.000, 0.000 ],\n",
      " [ 0.385, 0.000, -0.923, 0.000 ],\n",
      " [ 0.000, 0.000, 0.000, 1.000 ]]\n",
      "\n",
      "Orientation (Euler angles): [-158.54690355   -7.33567094  180.        ]\n",
      "rotm Pose(0.000, 0.000, 0.000,  158.386, -6.825, 177.304):\n",
      "[[ -0.992, -0.047, -0.119, 0.000 ],\n",
      " [ 0.000, 0.931, -0.366, 0.000 ],\n",
      " [ 0.128, -0.363, -0.923, 0.000 ],\n",
      " [ 0.000, 0.000, 0.000, 1.000 ]]\n",
      "\n",
      "Orientation (Euler angles): [-166.93599341   18.62560144  180.        ]\n",
      "rotm Pose(0.000, 0.000, 0.000,  166.241, 18.127, -175.643):\n",
      "[[ -0.948, 0.072, 0.311, 0.000 ],\n",
      " [ 0.000, 0.974, -0.226, 0.000 ],\n",
      " [ -0.319, -0.214, -0.923, 0.000 ],\n",
      " [ 0.000, 0.000, 0.000, 1.000 ]]\n",
      "\n",
      "Orientation (Euler angles): [166.93599341  18.62560144 180.        ]\n",
      "rotm Pose(0.000, 0.000, 0.000,  -166.241, 18.127, 175.643):\n",
      "[[ -0.948, -0.072, 0.311, 0.000 ],\n",
      " [ 0.000, 0.974, 0.226, 0.000 ],\n",
      " [ -0.319, 0.214, -0.923, 0.000 ],\n",
      " [ 0.000, 0.000, 0.000, 1.000 ]]\n",
      "\n",
      "Orientation (Euler angles): [158.54690355  -7.33567094 180.        ]\n",
      "rotm Pose(0.000, 0.000, 0.000,  -158.386, -6.825, -177.304):\n",
      "[[ -0.992, 0.047, -0.119, 0.000 ],\n",
      " [ 0.000, 0.931, 0.366, 0.000 ],\n",
      " [ 0.128, 0.363, -0.923, 0.000 ],\n",
      " [ 0.000, 0.000, 0.000, 1.000 ]]\n",
      "\n",
      "Orientation (Euler angles): [180.         -19.92713973 180.        ]\n",
      "rotm Pose(0.000, 0.000, 0.000,  -180.000, -19.927, -180.000):\n",
      "[[ -0.940, 0.000, -0.341, 0.000 ],\n",
      " [ 0.000, 1.000, 0.000, 0.000 ],\n",
      " [ 0.341, 0.000, -0.940, 0.000 ],\n",
      " [ 0.000, 0.000, 0.000, 1.000 ]]\n",
      "\n",
      "Orientation (Euler angles): [-1.60072860e+02  6.51377599e-14  1.80000000e+02]\n",
      "rotm Pose(0.000, 0.000, 0.000,  160.073, 0.000, -180.000):\n",
      "[[ -1.000, 0.000, 0.000, 0.000 ],\n",
      " [ 0.000, 0.940, -0.341, 0.000 ],\n",
      " [ -0.000, -0.341, -0.940, 0.000 ],\n",
      " [ 0.000, 0.000, 0.000, 1.000 ]]\n",
      "\n",
      "Orientation (Euler angles): [180.          19.92713973 180.        ]\n",
      "rotm Pose(0.000, 0.000, 0.000,  -180.000, 19.927, 180.000):\n",
      "[[ -0.940, -0.000, 0.341, 0.000 ],\n",
      " [ 0.000, 1.000, 0.000, 0.000 ],\n",
      " [ -0.341, 0.000, -0.940, 0.000 ],\n",
      " [ 0.000, 0.000, 0.000, 1.000 ]]\n",
      "\n",
      "Orientation (Euler angles): [1.6007286e+02 6.9790457e-14 1.8000000e+02]\n",
      "rotm Pose(0.000, 0.000, 0.000,  -160.073, 0.000, 180.000):\n",
      "[[ -1.000, -0.000, 0.000, 0.000 ],\n",
      " [ 0.000, 0.940, 0.341, 0.000 ],\n",
      " [ -0.000, 0.341, -0.940, 0.000 ],\n",
      " [ 0.000, 0.000, 0.000, 1.000 ]]\n",
      "\n",
      "Orientation (Euler angles): [180.        -16.8133127 180.       ]\n",
      "rotm Pose(0.000, 0.000, 0.000,  -180.000, -16.813, -180.000):\n",
      "[[ -0.957, 0.000, -0.289, 0.000 ],\n",
      " [ 0.000, 1.000, 0.000, 0.000 ],\n",
      " [ 0.289, 0.000, -0.957, 0.000 ],\n",
      " [ 0.000, 0.000, 0.000, 1.000 ]]\n",
      "\n",
      "Orientation (Euler angles): [-165.49280936    8.59159164  180.        ]\n",
      "rotm Pose(0.000, 0.000, 0.000,  165.335, 8.316, -177.833):\n",
      "[[ -0.989, 0.037, 0.145, 0.000 ],\n",
      " [ 0.000, 0.968, -0.251, 0.000 ],\n",
      " [ -0.149, -0.248, -0.957, 0.000 ],\n",
      " [ 0.000, 0.000, 0.000, 1.000 ]]\n",
      "\n",
      "Orientation (Euler angles): [165.49280936   8.59159164 180.        ]\n",
      "rotm Pose(0.000, 0.000, 0.000,  -165.335, 8.316, 177.833):\n",
      "[[ -0.989, -0.037, 0.145, 0.000 ],\n",
      " [ 0.000, 0.968, 0.251, 0.000 ],\n",
      " [ -0.149, 0.248, -0.957, 0.000 ],\n",
      " [ 0.000, 0.000, 0.000, 1.000 ]]\n",
      "\n",
      "Orientation (Euler angles): [180.         -12.99461679 180.        ]\n",
      "rotm Pose(0.000, 0.000, 0.000,  -180.000, -12.995, -180.000):\n",
      "[[ -0.974, 0.000, -0.225, 0.000 ],\n",
      " [ 0.000, 1.000, 0.000, 0.000 ],\n",
      " [ 0.225, 0.000, -0.974, 0.000 ],\n",
      " [ 0.000, 0.000, 0.000, 1.000 ]]\n",
      "\n",
      "Orientation (Euler angles): [180.          12.99461679 180.        ]\n",
      "rotm Pose(0.000, 0.000, 0.000,  -180.000, 12.995, 180.000):\n",
      "[[ -0.974, -0.000, 0.225, 0.000 ],\n",
      " [ 0.000, 1.000, 0.000, 0.000 ],\n",
      " [ -0.225, 0.000, -0.974, 0.000 ],\n",
      " [ 0.000, 0.000, 0.000, 1.000 ]]\n",
      "\n"
     ]
    }
   ],
   "source": [
    "import numpy as np\n",
    "\n",
    "def normalize(v):\n",
    "    norm = np.linalg.norm(v)\n",
    "    if norm == 0:\n",
    "       return v\n",
    "    return v / norm\n",
    "\n",
    "def calculate_target_vector(frame, target):\n",
    "    # 计算从frame指向target的方向向量\n",
    "    return normalize(np.array(target) - np.array(frame[:3]))\n",
    "\n",
    "def align_z_axis_to_vector(vector):\n",
    "    \"\"\"\n",
    "    Create a rotation matrix that aligns the Z-axis with the given vector.\n",
    "    \"\"\"\n",
    "    z_axis = vector\n",
    "    x_axis = normalize(np.cross([0, 1, 0], z_axis))\n",
    "    y_axis = np.cross(z_axis, x_axis)\n",
    "\n",
    "    # 构造旋转矩阵\n",
    "    R = np.array([x_axis, y_axis, z_axis]).T\n",
    "    return R\n",
    "\n",
    "def rotation_matrix_to_xyz_euler(R):\n",
    "    \"\"\"\n",
    "    Convert a rotation matrix to XYZ Euler angles in degrees.\n",
    "    \"\"\"\n",
    "    # 假设旋转顺序为X-Y-Z\n",
    "    if R[2,0] < 1:\n",
    "        if R[2,0] > -1:\n",
    "            y = np.arcsin(-R[2,0])\n",
    "            x = np.arctan2(R[2,1]/np.cos(y), R[2,2]/np.cos(y))\n",
    "            z = np.arctan2(R[1,0]/np.cos(y), R[0,0]/np.cos(y))\n",
    "        else: # R[2,0] == -1\n",
    "            y = np.pi/2\n",
    "            x = -np.arctan2(-R[0,1], R[0,2])\n",
    "            z = 0\n",
    "    else: # R[2,0] == 1\n",
    "        y = -np.pi/2\n",
    "        x = np.arctan2(-R[0,1], R[0,2])\n",
    "        z = 0\n",
    "\n",
    "    return np.degrees([x, y, z])\n",
    "\n",
    "def calculate_orientation_to_target(frame, target):\n",
    "    direction_vector = calculate_target_vector(frame, target)\n",
    "    R = align_z_axis_to_vector(direction_vector)\n",
    "    euler_angles = rotation_matrix_to_xyz_euler(R)\n",
    "    return euler_angles\n",
    "\n",
    "for i in range(len(targets)):\n",
    "    frame = targets[i]\n",
    "    target = [-136, -430, 0] # Target frame position and orientation (degrees)\n",
    "     # Frame position and orientation (degrees)\n",
    "\n",
    "    # Calculate the orientation\n",
    "    orientation = calculate_orientation_to_target(frame, target)\n",
    "    print(\"Orientation (Euler angles):\", orientation)\n",
    "    RDK = robolink.Robolink()\n",
    "    robot = RDK.Item('UR5e', robolink.ITEM_TYPE_ROBOT)\n",
    "    base_frame = RDK.Item('UR5e Base', robolink.ITEM_TYPE_FRAME)\n",
    "\n",
    "    target = RDK.AddTarget(f'r_{int(R)} delta_x_{delta_x} _{i+1}')\n",
    "    target.setParent(base_frame)\n",
    "\n",
    "    # 定义位置和姿态\n",
    "    x, y, z = frame[0], frame[1], frame[2]  # 单位通常是毫米\n",
    "    rx, ry, rz = np.radians(orientation[0]), np.radians(orientation[1]), np.radians(orientation[2])  # 旋转角度，转换为弧度\n",
    "    target_pose = robodk.Mat([[1, 0, 0, x],\n",
    "                           [0, 1, 0, y],\n",
    "                           [0, 0, 1, z],\n",
    "                           [0, 0, 0, 1]])\n",
    "\n",
    "    # 可以使用robodk的函数来生成基于rx, ry, rz的旋转矩阵\n",
    "    rotm = robodk.rotz(rz) * robodk.roty(ry) * robodk.rotx(rx)\n",
    "\n",
    "    print(\"rotm\", rotm)\n",
    "    # 将旋转矩阵应用到目标姿态\n",
    "    target_pose[:3,:3] = rotm[:3, :3]\n",
    "\n",
    "    # 设置目标的姿态\n",
    "    target.setPose(target_pose)"
   ],
   "metadata": {
    "collapsed": false,
    "ExecuteTime": {
     "end_time": "2023-12-20T12:25:49.153988500Z",
     "start_time": "2023-12-20T12:25:09.427788800Z"
    }
   }
  }
 ],
 "metadata": {
  "kernelspec": {
   "display_name": "Python 3",
   "language": "python",
   "name": "python3"
  },
  "language_info": {
   "codemirror_mode": {
    "name": "ipython",
    "version": 2
   },
   "file_extension": ".py",
   "mimetype": "text/x-python",
   "name": "python",
   "nbconvert_exporter": "python",
   "pygments_lexer": "ipython2",
   "version": "2.7.6"
  }
 },
 "nbformat": 4,
 "nbformat_minor": 0
}
