
The completion time of the calibration: 2023-11-15 13:56:36---------
The tansformation of TCP to Camera, X:
 [[-2.57960059e-01 -9.36224052e-01 -2.38623409e-01  2.66093553e+00]
 [-6.50161814e-01  3.50905838e-01 -6.73910015e-01 -3.01260286e+00]
 [ 7.14665113e-01 -1.86980387e-02 -6.99216819e-01  2.15694468e+02]
 [ 0.00000000e+00  0.00000000e+00  0.00000000e+00  1.00000000e+00]]
The tansformation of TCP to Camera, Y:
 [[ 4.62702698e-02 -8.29028204e-01  5.57289242e-01 -1.21412674e+04]
 [-9.98053512e-01 -1.50154217e-02  6.05287070e-02 -2.37281386e+03]
 [-4.18120723e-02 -5.59005165e-01 -8.28109278e-01 -4.95209671e+03]
 [ 0.00000000e+00  0.00000000e+00  0.00000000e+00  1.00000000e+00]]
The tansformation of TCP to Camera, Z:
 [[ 9.66236046e-01  6.40055796e-02 -2.49582030e-01  3.43059170e+01]
 [ 1.11052502e-01 -9.77516465e-01  1.79245369e-01 -2.01203347e+01]
 [-2.32497840e-01 -2.00910045e-01 -9.51619624e-01  1.60440786e+02]
 [ 0.00000000e+00  0.00000000e+00  0.00000000e+00  1.00000000e+00]]
