
The completion time of the calibration: 2023-11-15 13:05:59---------
The tansformation of TCP to Camera, X:
 [[-2.31983238e-01 -9.26715906e-01 -2.95603464e-01  1.90777466e+00]
 [-8.15611710e-01  3.50914096e-01 -4.60040038e-01 -2.13207689e+00]
 [ 5.30057842e-01  1.34376069e-01 -8.37246533e-01  2.14495129e+02]
 [ 0.00000000e+00  0.00000000e+00  0.00000000e+00  1.00000000e+00]]
The tansformation of TCP to Camera, Y:
 [[ 5.89267424e-02 -8.45586291e-01  5.30576539e-01 -1.18490823e+04]
 [-9.97881319e-01 -6.45782337e-02  7.90729706e-03 -1.68236831e+03]
 [ 2.75773937e-02 -5.29918368e-01 -8.47600148e-01 -4.87495333e+03]
 [ 0.00000000e+00  0.00000000e+00  0.00000000e+00  1.00000000e+00]]
The tansformation of TCP to Camera, Z:
 [[ 9.66697063e-01  8.10248529e-02 -2.42758648e-01  3.33262106e+01]
 [ 1.29501832e-01 -9.73023613e-01  1.90930152e-01 -1.88548016e+01]
 [-2.20739810e-01 -2.16009307e-01 -9.51111936e-01  1.56630729e+02]
 [ 0.00000000e+00  0.00000000e+00  0.00000000e+00  1.00000000e+00]]
