
-----------------The completion time of the calibration: 2023-11-07 23:22:37-----------------
The tansformation of TCP to Camera, X:
 [[-2.70970903e-01 -8.63366364e-01 -4.25644559e-01  2.08414975e+00]
 [-6.49610839e-01  4.90328755e-01 -5.81019337e-01 -3.18103207e+00]
 [ 7.10338320e-01  1.19063985e-01 -6.93716973e-01  2.17608345e+02]
 [ 0.00000000e+00  0.00000000e+00  0.00000000e+00  1.00000000e+00]]
The tansformation of TCP to Camera, Y:
 [[-1.56000153e-02 -9.96054204e-01  8.73651108e-02 -1.45726557e+04]
 [-9.98113294e-01  1.03235427e-02 -6.05250136e-02 -2.31841758e+03]
 [ 5.93842767e-02 -8.81444697e-02 -9.94335990e-01 -1.44253327e+03]
 [ 0.00000000e+00  0.00000000e+00  0.00000000e+00  1.00000000e+00]]
The tansformation of TCP to Camera, Z:
 [[ 9.66306416e-01  9.44315266e-02 -2.39446439e-01  3.32229720e+01]
 [ 1.42947182e-01 -9.70504126e-01  1.94133574e-01 -1.93159966e+01]
 [-2.14051427e-01 -2.21820712e-01 -9.51303084e-01  1.59136569e+02]
 [ 0.00000000e+00  0.00000000e+00  0.00000000e+00  1.00000000e+00]]
